[gd_scene load_steps=4 format=1]

[ext_resource path="res://scripts/world.gd" type="Script" id=1]
[ext_resource path="res://scripts/player.gd" type="Script" id=2]

[sub_resource type="CapsuleShape" id=1]

radius = 1.0
height = 1.0

[node name="root" type="Node"]

script/script = ExtResource( 1 )

[node name="sun" type="DirectionalLight" parent="."]

_import_transform = Transform( 1, 0, 0, 0, 1, 0, 0, 0, 1, 0, 0, 0 )
transform/local = Transform( 1, 0, 0, 0, 0.46782, 0.883824, 0, -0.883824, 0.46782, 0, 27.6788, 0 )
layers = 1
params/enabled = true
params/editor_only = false
params/bake_mode = 0
params/energy = 1.0
colors/diffuse = Color( 1, 1, 1, 1 )
colors/specular = Color( 1, 1, 1, 1 )
shadow/shadow = false
shadow/darkening = 0.0
shadow/z_offset = 0.05
shadow/z_slope_scale = 0.0
shadow/esm_multiplier = 60.0
shadow/blur_passes = 1.0
projector = null
operator = 0
shadow/mode = 0
shadow/max_distance = 0.0
shadow/split_weight = 0.5
shadow/zoffset_scale = 2.0

[node name="player" type="Spatial" parent="."]

_import_transform = Transform( 1, 0, 0, 0, 1, 0, 0, 0, 1, 0, 0, 0 )
transform/local = Transform( 1, 0, 0, 0, 1, 0, 0, 0, 1, 0, 7.7863, 3.70574 )

[node name="body" type="RigidBody" parent="player"]

_import_transform = Transform( 1, 0, 0, 0, 1, 0, 0, 0, 1, 0, 0, 0 )
transform/local = Transform( 1, 3.72529e-09, -7.45058e-09, -3.72529e-09, 1, -2.98023e-08, 0, 2.98023e-08, 1, 0, 0, 0 )
input/ray_pickable = true
input/capture_on_drag = false
shape_count = 1
shapes/0/shape = SubResource( 1 )
shapes/0/transform = Transform( 1, -2.38228e-22, 0, 0, 1, 0, 0, 0, 1, 0, 0, 0 )
shapes/0/trigger = false
collision/layers = 1
collision/mask = 1
mode = 2
mass = 10.0
friction = 1.0
bounce = 0.0
gravity_scale = 5.0
custom_integrator = false
continuous_cd = false
contacts_reported = 0
contact_monitor = false
sleeping = false
can_sleep = true
axis_lock = 0
velocity/linear = Vector3( 0, 0, 0 )
velocity/angular = Vector3( 0, 0, 0 )
damp_override/linear = 5.0
damp_override/angular = -1.0
script/script = ExtResource( 2 )
view_sensitivity = 0.25

[node name="TestCube" type="TestCube" parent="player/body"]

_import_transform = Transform( 1, 0, 0, 0, 1, 0, 0, 0, 1, 0, 0, 0 )
transform/local = Transform( 1, -1.85288e-22, 0, 0, 1, 0, 0, 0, 1, 0, 0, 0 )
layers = 1
geometry/visible = true
geometry/material_override = null
geometry/cast_shadow = 1
geometry/receive_shadows = true
geometry/range_begin = 0.0
geometry/range_end = 0.0
geometry/extra_cull_margin = 0.0
geometry/billboard = false
geometry/billboard_y = false
geometry/depth_scale = false
geometry/visible_in_all_rooms = false
geometry/use_baked_light = false
geometry/baked_light_tex_id = 0

[node name="collider" type="CollisionShape" parent="player/body"]

_import_transform = Transform( 1, 0, 0, 0, 1, 0, 0, 0, 1, 0, 0, 0 )
transform/local = Transform( 1, -2.38228e-22, 0, 0, 1, 0, 0, 0, 1, 0, 0, 0 )
shape = SubResource( 1 )
trigger = false
_update_shape_index = 0

[node name="head" type="Spatial" parent="player/body"]

_import_transform = Transform( 1, 0, 0, 0, 1, 0, 0, 0, 1, 0, 0, 0 )

[node name="camera" type="Camera" parent="player/body/head"]

_import_transform = Transform( 1, 0, 0, 0, 1, 0, 0, 0, 1, 0, 0, 0 )
transform/local = Transform( 1, -5.93211e-09, 5.84799e-09, 3.72529e-09, 0.946401, 0.322994, -1.11022e-16, -0.322994, 0.946401, -9.16363e-09, 3.04869, 0.294426 )
projection = 0
fov = 60.0
near = 0.1
far = 100.0
keep_aspect = 1
current = true
visible_layers = 1048575
environment = null
h_offset = 0.0
v_offset = 0.0

[node name="god_camera" type="Camera" parent="."]

_import_transform = Transform( 1, 0, 0, 0, 1, 0, 0, 0, 1, 0, 0, 0 )
transform/local = Transform( 1, 4.44089e-16, -4.44089e-16, 2.78857e-24, 0.623777, 0.781603, -1.78086e-24, -0.781603, 0.623777, -4.21885e-15, 15.3125, 7.40991 )
projection = 0
fov = 60.0
near = 0.1
far = 100.0
keep_aspect = 1
current = false
visible_layers = 1048575
environment = null
h_offset = 0.0
v_offset = 0.0


